5 1736.634000 1736.255000 0.545786 0.546143 -101.65516369164152 21.61 6.98 59.11 58.64 67.64 64.61 0.97
10 1705.238000 1702.247000 0.535331 0.534818 -101.58998560639348 21.73 6.99 59.05 58.72 67.64 64.75 0.97
15 1753.324000 1748.669000 0.551344 0.550277 -101.55627951248759 21.78 6.99 59.07 58.75 67.61 64.82 0.97
17 1788.314000 1785.511000 0.562996 0.562545 -101.54715605594414 21.80 6.98 59.09 58.75 67.60 64.84 0.97
20 1776.343000 1774.555000 0.559009 0.558897 -101.53525192673995 21.84 6.98 59.09 58.77 67.59 64.88 0.97
25 1826.031000 1822.388000 0.575555 0.574825 -101.52051541991341 21.87 6.99 59.03 58.81 67.63 64.93 0.97
40 1880.380000 1879.633000 0.593654 0.593888 -101.4962791628371 21.93 6.99 58.98 58.85 67.64 64.98 0.97
50 1969.783000 1965.646000 0.623425 0.622530 -101.48476518348347 21.92 6.99 58.99 58.82 67.59 64.93 0.97
75 2125.426000 2120.563000 0.675254 0.674118 -101.46647397136216 22.02 6.99 59.02 58.86 67.60 64.95 0.97
100 2332.834000 2332.326000 0.744321 0.744635 -101.45553280586108 22.01 6.99 59.04 58.83 67.58 64.93 0.97
150 2763.084000 2760.273000 0.887594 0.887141 -101.44290308225132 22.04 6.99 59.05 58.86 67.59 64.99 0.97
200 2956.686000 2953.932000 0.952064 0.951630 -101.43511316883138 21.99 6.99 59.14 58.85 67.58 65.00 0.97
250 3310.430000 3308.537000 1.069861 1.069713 -101.43052391475209 22.01 6.99 59.11 58.87 67.60 65.01 0.97
300 3619.295000 3615.585000 1.172713 1.171960 -101.42720874325701 22.01 6.99 59.11 58.86 67.58 65.00 0.97
400 4357.535000 4354.225000 1.418547 1.417928 -101.421888706627 22.01 6.99 59.17 58.83 67.54 64.99 0.97
500 4956.866000 4954.670000 1.618125 1.617876 -101.41857817382643 21.97 6.98 59.19 58.81 67.52 65.00 0.97
750 6836.547000 6833.857000 2.244059 2.243646 -101.41347799067633 22.00 6.99 59.18 58.84 67.54 65.05 0.97
1000 8631.960000 8629.342000 2.841932 2.841543 -101.41021695837532 22.00 6.98 59.22 58.81 67.51 65.02 0.98
#1250 10241.694000 10238.259000 3.377974 3.377313 -101.40855424775255 21.99 6.98 59.23 58.81 67.52 65.03 0.98
