5 1574.213000 1571.885000 0.491700 0.491408 -102.10178735930776 6.79 2.20 260.64 24.39 20.04 64.56 1.92
10 1659.113000 1655.939000 0.519972 0.519398 -102.0334487878789 6.82 2.20 260.76 24.46 20.07 64.75 1.92
15 1740.064000 1738.480000 0.546928 0.546884 -101.9977265334664 6.86 2.21 260.70 24.49 20.09 64.83 1.93
20 1650.125000 1648.547000 0.516979 0.516936 -101.97370288045283 6.88 2.21 260.71 24.52 20.11 64.90 1.93
25 1726.157000 1722.972000 0.542297 0.541720 -101.95459730602735 6.87 2.21 260.69 24.50 20.10 64.90 1.93
50 1809.875000 1808.461000 0.570175 0.570187 -101.91245977355987 6.89 2.21 260.71 24.56 20.14 65.00 1.93
75 2116.018000 2113.283000 0.672121 0.671693 -101.88976809190827 6.93 2.21 260.74 24.59 20.15 65.05 1.93
100 2178.141000 2175.871000 0.692808 0.692535 -101.87491941058956 6.93 2.21 260.77 24.58 20.14 65.00 1.93
150 2454.513000 2453.034000 0.784840 0.784831 -101.85908134532141 6.93 2.21 260.80 24.59 20.14 65.03 1.93
200 2739.048000 2735.501000 0.879590 0.878892 -101.84848718614731 6.92 2.21 260.81 24.59 20.14 65.02 1.93
300 3338.939000 3336.733000 1.079354 1.079103 -101.83601831501865 6.92 2.21 260.84 24.59 20.15 65.04 1.93
400 4091.916000 4089.331000 1.330096 1.329718 -101.82806924741952 6.93 2.21 260.83 24.60 20.15 65.03 1.93
500 4664.028000 4661.028000 1.520609 1.520093 -101.82309841158872 6.93 2.21 260.88 24.59 20.14 65.02 1.93
750 6379.110000 6374.840000 2.091732 2.090793 -101.81441673326704 6.93 2.21 260.91 24.60 20.14 65.04 1.93
1000 7891.535000 7888.797000 2.595370 2.594941 -101.80849789876827 6.93 2.21 260.94 24.59 20.14 65.05 1.93
