5 869.150000 1021.579000 0.107037 0.133032 -101.72867832167822 21.32 6.96 58.92 58.52 67.77 64.24 0.96
10 1079.975000 1457.027000 0.177242 0.278036 -101.64966200466189 21.56 6.98 58.91 58.68 67.74 64.51 0.96
15 1148.782000 1339.798000 0.200155 0.238999 -101.61166766566757 21.72 6.99 58.88 58.76 67.71 64.65 0.96
20 1070.747000 1167.875000 0.174169 0.181749 -101.58758175158182 21.79 6.99 58.91 58.73 67.65 64.67 0.97
25 1146.128000 1234.579000 0.199271 0.203961 -101.57149716949709 21.78 7.00 58.88 58.74 67.67 64.73 0.97
50 1374.243000 1551.189000 0.275233 0.309392 -101.53349683649678 21.86 7.00 58.98 58.77 67.63 64.79 0.97
75 1609.526000 1851.251000 0.353583 0.409313 -101.5141468531468 21.89 7.00 58.95 58.82 67.65 64.86 0.97
100 2109.102000 2370.230000 0.519942 0.582133 -101.50330735930721 21.90 7.00 58.96 58.84 67.65 64.88 0.97
150 2488.863000 2693.344000 0.646402 0.689730 -101.4894558774559 21.94 7.00 58.96 58.84 67.62 64.92 0.97
200 3161.504000 3561.410000 0.870392 0.978797 -101.48096403596406 21.90 7.00 59.04 58.82 67.59 64.94 0.97
300 3993.756000 4390.358000 1.147532 1.254836 -101.47170629370652 21.92 6.99 59.05 58.81 67.60 64.92 0.97
400 5425.622000 5925.070000 1.624344 1.765896 -101.46614152514185 21.88 6.99 59.10 58.79 67.56 64.94 0.97
500 6539.401000 7192.162000 1.995233 2.187838 -101.46242057942086 21.90 6.99 59.12 58.78 67.54 64.93 0.97
750 9405.093000 10433.481000 2.949509 3.267198 -101.45597735597761 21.93 6.99 59.10 58.80 67.55 64.96 0.97
1000 12353.080000 13581.114000 3.931190 4.315361 -101.45253579753611 21.91 6.99 59.14 58.80 67.56 64.96 0.97
