5 914.884000 914.132000 0.242185 0.242294 -101.70496103896076 21.49 6.98 58.94 58.64 67.73 64.54 0.96
10 872.921000 870.996000 0.228212 0.227929 -101.61506793206804 21.70 6.99 58.90 58.75 67.67 64.71 0.97
15 996.683000 997.067000 0.269425 0.269911 -101.57494705294718 21.85 6.99 58.94 58.79 67.64 64.80 0.97
17 988.209000 988.023000 0.266603 0.266899 -101.5636043956044 21.87 6.99 58.93 58.77 67.60 64.80 0.97
20 1100.844000 1100.129000 0.304110 0.304231 -101.54974292374307 21.88 7.00 58.94 58.79 67.62 64.83 0.97
25 1046.270000 1046.347000 0.285937 0.286321 -101.53274558774577 21.91 6.99 58.92 58.81 67.63 64.86 0.97
40 1151.469000 1151.090000 0.320968 0.321201 -101.50392807192824 21.93 6.99 58.96 58.80 67.59 64.86 0.97
50 1223.665000 1222.598000 0.345010 0.345013 -101.49141691641722 21.94 6.99 58.99 58.81 67.60 64.88 0.97
75 1395.297000 1394.716000 0.402163 0.402328 -101.47066267066303 21.99 7.00 58.98 58.85 67.61 64.90 0.97
100 1561.686000 1560.926000 0.457571 0.457676 -101.45879753579784 22.00 6.99 59.01 58.88 67.61 64.96 0.97
150 1967.249000 1966.533000 0.592623 0.592744 -101.44430103230134 22.00 6.99 59.03 58.86 67.59 64.98 0.97
200 2241.823000 2240.903000 0.684057 0.684109 -101.4368075258079 22.00 6.99 59.05 58.89 67.60 65.02 0.97
250 2483.300000 2483.351000 0.764469 0.764844 -101.4315547785551 22.01 6.99 59.09 58.88 67.58 65.02 0.97
300 3046.021000 3045.546000 0.951855 0.952055 -101.42804129204175 22.02 6.99 59.11 58.86 67.55 65.02 0.97
400 3566.622000 3566.481000 1.125215 1.125527 -101.42223409923454 22.02 6.99 59.15 58.83 67.52 64.99 0.97
500 4118.088000 4116.489000 1.308853 1.308680 -101.41847286047327 21.98 6.98 59.17 58.81 67.49 64.99 0.97
750 6007.585000 6006.309000 1.938057 1.937990 -101.41250449550496 22.00 6.98 59.18 58.81 67.49 65.01 0.97
1000 7282.657000 7280.837000 2.362656 2.362409 -101.40990542790576 22.00 6.98 59.19 58.81 67.50 65.02 0.98
1250 9197.004000 9194.879000 3.000134 2.999785 -101.40823576423617 22.02 6.99 59.20 58.82 67.51 65.03 0.98
